OTUID	D1	D2	D3	D4	D5	D6	D7	D8	D9	D10	D11	D12	D13	D14	D15	D16	D17
OTU1	5	33	85	43	22	27	22	1	11	22	15	25	94	41	19	3	6
OTU2	0	8	0	2	18	14	23	29	44	37	47	12	4	27	24	42	26
OTU3	0	2	0	1	8	21	18	35	38	30	36	8	4	19	32	21	24
OTU4	2	10	29	19	11	13	9	0	4	13	4	20	66	29	16	5	9
OTU5	3	13	37	13	16	13	11	0	11	12	1	14	45	7	9	5	4
OTU6	0	0	53	72	28	17	1	0	2	0	0	1	17	8	0	1	2
OTU7	0	0	0	0	9	10	13	27	12	23	37	7	2	9	9	10	10
OTU8	0	2	0	0	13	8	11	22	25	20	22	8	3	6	14	11	14
OTU9	149	0	0	1	0	0	0	0	0	0	0	1	0	0	0	1	0
OTU10	1	23	6	13	28	23	23	10	4	1	6	9	0	0	4	0	0
OTU11	1	10	25	20	9	10	5	0	5	3	5	11	29	6	4	1	3
OTU12	2	4	21	10	5	6	7	0	4	7	6	10	22	12	5	1	3
OTU13	0	1	0	0	3	4	8	13	11	7	13	2	2	11	4	14	8
OTU14	0	2	0	0	3	5	10	12	12	7	13	5	0	11	4	6	8
OTU15	2	0	0	0	0	0	0	7	2	8	1	5	0	0	28	12	17
OTU16	0	1	0	0	4	6	4	13	11	5	12	5	0	6	9	14	8
OTU17	6	0	0	0	0	0	0	8	2	3	1	4	0	0	26	12	12
OTU18	14	13	2	6	0	0	0	1	0	0	0	1	17	36	2	1	0
OTU19	0	0	0	0	7	4	5	11	14	18	12	3	1	5	4	5	2
OTU20	0	4	0	0	4	6	6	7	9	9	7	2	2	3	5	9	12
OTU21	0	2	0	0	2	4	5	9	6	7	8	2	1	1	10	16	9
OTU22	0	2	0	0	6	4	3	5	9	12	11	3	1	3	9	6	12
OTU23	4	0	0	0	0	0	1	12	0	3	0	2	0	1	12	11	16
OTU24	0	1	0	0	2	5	6	8	13	13	16	4	0	4	4	3	5
OTU25	0	0	8	18	0	0	0	0	0	0	3	0	1	0	0	0	0
OTU26	2	0	0	0	0	0	2	4	0	3	0	3	0	0	13	7	13
OTU27	0	3	7	9	4	4	4	0	5	2	4	4	12	9	1	1	3
OTU28	4	0	0	0	0	0	1	4	0	3	0	6	0	0	18	14	7
OTU29	0	0	0	0	3	3	3	9	3	8	5	4	0	5	3	4	8
OTU30	0	1	0	1	7	4	3	8	14	5	4	2	0	4	3	3	3
OTU31	0	7	9	4	4	8	5	1	1	5	1	1	9	5	0	1	0
OTU32	6	3	0	2	0	0	0	1	0	0	0	1	16	25	0	0	4
OTU33	0	1	5	7	3	6	2	0	1	0	1	5	18	8	2	1	1
OTU34	0	0	0	0	3	5	6	2	11	4	8	5	0	3	3	3	2
OTU35	0	5	9	3	2	3	1	0	3	2	2	5	10	9	3	0	0
OTU36	0	1	0	0	3	2	6	5	8	4	5	3	0	5	2	7	4
OTU37	0	0	22	13	8	4	1	0	0	0	1	0	4	1	0	1	1
OTU38	0	1	0	0	1	1	3	3	10	8	4	0	1	2	4	5	7
OTU39	0	2	0	0	3	2	3	8	7	5	5	3	0	1	3	4	2
OTU40	0	2	4	4	2	3	2	0	3	6	2	2	10	5	1	3	2
OTU41	8	4	0	2	0	0	0	0	0	0	0	0	15	17	0	0	0
OTU42	1	0	0	0	0	0	1	2	2	1	0	0	0	0	2	4	9
OTU43	0	5	0	0	2	5	6	4	5	2	8	0	0	1	3	3	2
OTU44	0	1	0	0	1	4	2	5	1	4	2	2	0	4	6	1	5
OTU45	0	7	4	6	6	6	10	1	1	1	0	2	0	1	0	0	0
OTU46	0	3	8	4	1	2	1	0	0	2	2	1	14	2	1	2	0
OTU47	0	2	0	0	3	6	11	3	4	3	4	2	1	1	0	2	0
OTU48	0	0	0	0	3	2	3	8	7	4	1	1	0	2	2	4	5
OTU49	0	0	4	11	10	12	0	0	0	0	0	1	1	1	0	0	2
OTU51	0	4	3	5	4	3	3	0	3	2	2	0	4	5	1	1	0
OTU52	0	1	0	0	2	1	1	9	7	6	4	0	1	2	2	1	0
OTU53	0	15	2	2	1	0	0	0	2	0	0	7	0	0	2	1	4
OTU54	0	0	1	3	0	0	0	1	0	0	0	0	0	0	0	0	0
OTU55	0	0	0	0	4	3	3	4	2	1	6	3	0	1	1	2	4
OTU56	0	0	0	0	0	3	0	5	2	2	1	2	0	0	5	5	5
OTU57	1	2	3	7	2	3	5	0	0	1	0	0	0	2	0	1	1
OTU58	0	4	3	2	5	7	5	3	0	0	3	1	0	0	1	0	0
OTU59	0	0	0	0	4	9	0	5	0	2	3	0	2	3	1	3	1
OTU60	0	1	0	0	4	1	6	3	4	4	2	0	0	4	0	2	1
OTU61	0	2	0	0	2	3	3	0	2	2	5	0	1	1	1	1	0
OTU62	0	0	2	15	4	7	0	0	0	0	0	1	2	0	0	0	0
OTU63	0	0	0	0	1	1	1	3	3	6	4	1	0	1	2	1	2
OTU64	3	0	0	0	0	0	1	0	0	0	0	2	0	0	6	5	4
OTU65	0	0	0	0	3	2	4	6	3	0	1	4	0	0	2	1	1
OTU67	0	1	0	0	3	3	2	1	4	1	6	0	0	2	2	3	0
OTU68	0	0	0	0	2	0	1	3	3	3	1	0	0	0	0	4	5
OTU69	0	2	0	0	1	3	9	1	4	1	2	0	1	1	2	1	0
OTU70	0	0	0	0	3	2	1	1	3	4	6	1	0	1	1	2	3
OTU71	0	0	0	0	3	2	3	2	2	4	4	0	0	2	0	2	1
OTU72	0	9	0	1	0	0	0	0	0	0	0	2	1	0	3	2	4
OTU73	0	2	6	2	1	4	0	0	2	2	0	0	4	2	1	0	0
OTU74	0	1	0	0	1	2	1	1	3	3	5	0	0	1	1	2	2
OTU75	1	0	4	2	1	1	3	0	0	2	3	1	0	1	2	0	2
OTU77	0	3	4	3	7	3	3	0	2	0	0	0	0	0	0	0	0
OTU78	0	0	0	0	0	0	0	0	2	1	0	0	0	0	0	7	3
OTU79	0	0	0	0	0	1	1	3	3	2	6	0	0	1	1	2	3
OTU80	5	1	1	1	0	0	0	0	1	0	0	1	4	7	0	0	0
OTU81	8	10	0	0	0	0	0	2	0	0	0	1	2	0	0	0	0
OTU82	0	0	0	0	1	0	0	3	0	5	2	1	1	3	1	1	1
OTU83	1	0	4	3	2	5	2	0	0	2	0	2	2	0	0	0	0
OTU84	0	1	0	0	3	0	2	1	3	4	5	0	0	1	1	1	0
OTU85	0	2	3	3	2	3	1	0	0	1	1	1	1	1	1	1	1
OTU86	0	0	0	0	2	0	3	1	1	2	0	2	0	1	3	1	0
OTU87	0	5	1	1	3	2	8	0	0	0	0	0	0	0	0	0	0
OTU88	2	1	2	2	1	0	6	0	0	0	1	0	1	0	0	0	1
OTU89	0	6	1	2	2	2	2	1	0	0	0	1	0	1	2	0	0
OTU90	0	0	4	4	0	0	0	1	0	1	0	0	0	0	0	0	0
OTU91	0	1	0	0	1	0	1	2	2	2	1	0	0	1	2	4	1
OTU92	0	7	0	0	0	1	0	1	1	0	0	1	0	1	2	1	0
OTU93	0	0	2	2	5	6	1	0	1	0	0	2	0	1	0	0	0
OTU94	0	1	0	0	0	0	1	3	0	1	0	1	0	0	2	4	2
OTU95	0	17	0	0	0	0	2	0	0	0	0	0	0	0	0	0	0
OTU96	0	3	1	2	2	1	7	0	0	0	1	1	0	0	1	0	0
OTU97	0	0	1	3	3	8	0	0	0	0	0	0	2	0	0	0	1
OTU99	0	0	2	9	3	2	0	0	0	0	0	0	1	0	0	0	0
OTU100	10	5	0	1	0	0	1	0	0	0	1	0	0	0	0	0	0
OTU101	0	0	0	0	0	0	0	0	2	2	1	0	1	1	5	2	0
OTU102	0	0	0	0	0	0	3	2	0	1	2	1	0	0	3	4	1
OTU103	0	0	4	2	4	3	0	0	0	0	0	0	3	1	0	1	0
OTU104	0	4	2	2	0	0	0	0	0	1	0	1	1	0	0	1	1
OTU105	3	0	0	0	0	0	0	2	0	0	0	1	0	0	3	3	2
OTU106	0	1	0	0	1	2	1	1	1	1	3	1	0	1	2	1	1
OTU107	0	3	0	2	0	0	0	0	0	1	1	2	0	1	1	0	1
OTU108	0	1	2	0	4	1	3	3	1	0	1	0	0	0	1	0	0
OTU109	0	4	0	0	3	2	2	1	1	0	1	3	0	0	0	0	0
OTU110	0	0	0	0	1	2	1	2	0	1	0	0	0	3	2	0	0
OTU111	0	0	0	0	0	0	0	0	0	0	0	0	0	0	0	3	5
OTU112	2	2	2	0	1	0	0	0	0	1	0	3	1	1	1	0	1
OTU113	0	0	5	3	3	2	0	0	0	0	0	1	1	0	0	0	0
OTU114	0	0	1	0	0	0	0	0	1	0	0	2	0	0	0	2	1
OTU115	0	1	4	10	1	0	0	0	0	0	0	0	0	0	0	0	0
OTU116	0	0	0	0	0	0	1	3	1	2	0	1	0	0	3	0	0
OTU117	0	2	0	0	0	0	1	0	2	2	0	0	0	0	1	0	2
OTU118	0	0	1	1	1	0	0	1	0	0	1	3	0	0	0	0	2
OTU119	0	3	0	6	0	3	1	0	0	0	0	1	0	0	1	0	0
OTU120	0	1	4	2	0	2	0	0	1	1	1	1	1	1	0	0	0
OTU121	1	0	0	0	0	0	0	0	0	0	0	1	0	0	3	2	1
OTU122	0	0	0	0	0	0	0	0	0	3	1	0	0	0	1	2	3
OTU123	0	0	0	0	0	0	1	2	3	2	0	0	1	1	1	0	3
OTU124	0	0	0	0	1	1	1	1	1	1	0	2	0	0	1	1	1
OTU125	1	0	0	0	0	0	0	1	0	0	0	0	0	0	2	4	1
OTU126	0	0	0	0	0	0	0	2	0	2	0	0	0	0	4	3	2
OTU127	0	0	0	0	0	0	0	1	0	0	0	0	0	0	0	3	1
OTU128	1	0	0	0	0	0	0	3	0	0	0	2	0	1	0	0	2
OTU129	5	8	0	0	0	0	0	1	0	0	0	0	0	0	0	0	0
OTU130	0	1	0	0	4	2	2	1	0	2	2	0	0	0	0	0	0
OTU131	0	0	0	0	0	0	0	1	2	0	0	0	0	0	0	3	2
OTU132	0	4	2	2	1	0	1	0	0	0	0	0	0	1	2	0	0
OTU133	5	0	0	0	0	0	0	0	0	1	0	1	0	1	0	0	0
OTU134	0	0	0	0	2	2	1	2	1	2	0	0	0	1	0	1	0
OTU135	2	2	0	0	0	1	2	0	1	0	0	1	0	0	2	1	0
OTU136	0	0	0	1	2	0	2	2	0	1	0	0	0	1	1	0	3
OTU137	0	0	0	0	0	1	0	1	0	1	1	1	0	2	0	2	3
OTU138	0	0	4	2	1	1	0	0	0	0	0	0	5	0	0	0	0
OTU139	0	0	0	0	0	0	3	7	1	0	0	1	0	0	1	0	0
OTU140	0	0	0	0	0	0	0	1	0	1	0	1	0	0	3	1	2
OTU141	0	0	0	0	0	0	0	0	1	0	0	0	0	0	0	2	1
OTU142	0	0	1	0	0	0	0	0	1	1	0	3	0	0	0	0	1
OTU143	0	0	1	1	0	2	0	0	0	2	0	0	1	1	2	0	0
OTU147	0	0	0	0	2	1	1	0	0	2	1	1	0	1	1	0	1
OTU148	0	2	0	0	0	1	0	0	0	1	1	3	0	3	0	0	0
OTU149	0	11	0	0	0	0	0	0	0	0	0	1	0	0	0	0	0
OTU150	0	0	0	0	0	0	1	0	1	0	1	0	1	5	0	2	0
OTU151	0	1	0	0	1	0	0	1	1	1	3	0	0	2	0	0	1
OTU152	0	1	2	1	1	0	2	0	0	1	1	1	1	0	1	0	0
OTU153	0	0	0	0	0	0	0	1	0	0	0	0	0	0	3	2	1
OTU154	5	2	1	1	0	0	0	0	0	0	0	0	0	0	0	1	1
OTU155	0	0	0	0	0	0	0	1	0	0	0	1	0	0	0	0	4
OTU156	0	0	1	0	0	0	0	0	1	0	0	2	0	1	0	0	1
OTU157	0	0	0	0	0	1	0	0	0	0	0	2	2	1	1	0	3
OTU158	0	0	0	0	1	1	2	1	2	1	1	1	0	0	0	1	0
OTU160	0	0	0	0	0	0	0	1	0	0	0	0	0	0	2	2	0
OTU161	0	0	0	1	2	1	2	0	0	1	2	0	0	0	1	1	0
OTU162	0	4	0	0	0	2	0	0	0	0	1	2	0	0	0	0	1
OTU164	0	1	2	1	0	0	1	0	0	2	0	1	2	1	0	0	0
OTU165	0	1	0	0	1	5	2	1	0	0	0	0	1	0	0	0	0
OTU166	0	0	0	0	0	0	1	2	1	0	1	0	0	0	0	4	2
OTU168	0	1	0	0	1	1	1	1	0	0	0	0	0	0	1	3	1
OTU169	0	8	0	0	0	0	1	2	0	0	0	0	0	0	0	0	0
OTU170	0	0	0	0	0	0	0	2	1	1	0	1	0	0	0	2	1
OTU171	0	0	2	2	0	0	0	0	0	0	1	0	1	0	0	0	0
OTU173	0	4	0	1	0	3	1	1	0	0	0	0	0	0	0	0	0
OTU175	2	6	0	0	0	0	0	0	0	0	0	0	1	1	0	0	0
OTU176	0	0	3	3	1	2	0	0	0	0	0	0	0	0	1	0	0
OTU177	0	0	0	0	0	0	4	0	2	2	0	0	0	2	0	0	0
OTU178	0	1	1	0	0	0	0	0	0	0	0	2	0	0	1	0	3
OTU179	8	0	1	0	0	0	1	0	0	0	0	0	0	0	0	0	0
OTU180	0	0	0	0	1	0	0	0	1	0	1	3	0	0	0	2	1
OTU181	0	0	0	0	0	2	0	0	0	0	2	2	1	1	0	0	0
OTU182	1	0	0	0	0	0	0	0	0	0	0	1	0	0	0	0	0
OTU183	0	3	0	1	1	1	0	0	1	1	1	0	0	1	0	0	0
OTU184	0	0	0	0	1	0	4	1	0	0	0	1	0	0	1	1	0
OTU189	0	1	0	0	0	0	2	0	0	2	0	0	1	1	0	1	0
OTU190	0	3	0	0	3	1	1	0	0	0	1	0	0	0	0	0	0
OTU191	0	0	0	0	0	0	0	2	0	2	0	1	0	0	1	2	0
OTU192	0	0	0	0	0	3	0	0	0	0	0	2	0	0	0	0	0
OTU193	0	0	1	7	0	0	0	0	0	0	1	0	0	0	0	0	0
OTU194	0	2	1	1	0	2	0	0	0	0	0	2	0	0	1	0	0
OTU195	8	0	0	0	0	0	0	0	0	0	0	0	0	0	0	0	1
OTU197	1	0	1	2	0	0	0	0	0	0	0	1	0	3	0	0	0
OTU198	2	0	0	1	0	1	0	0	0	1	1	0	1	2	0	0	0
OTU199	0	1	0	1	1	1	3	1	1	0	0	0	0	0	0	0	0
OTU202	0	1	1	0	1	0	2	0	1	0	2	0	0	0	1	0	0
OTU203	0	0	0	0	1	0	0	2	2	1	2	0	0	0	0	1	0
OTU204	0	0	0	0	0	0	3	0	0	0	2	0	0	0	2	0	0
OTU205	0	2	0	1	0	0	1	0	0	0	1	3	0	0	0	1	0
OTU206	0	0	2	1	4	0	2	0	0	0	0	0	0	0	0	0	0
OTU207	0	0	3	0	0	2	0	0	0	0	0	2	0	0	0	1	0
OTU208	0	0	0	0	0	0	0	1	0	0	0	0	0	0	3	2	1
OTU209	0	0	1	6	0	0	0	0	0	0	0	1	0	0	0	0	0
OTU211	0	1	0	0	2	2	0	0	0	0	0	2	0	0	1	0	0
OTU212	0	0	0	0	0	0	0	0	0	0	0	3	0	0	0	0	1
OTU213	0	0	0	0	0	0	1	0	1	0	2	1	0	1	0	1	0
OTU215	0	0	0	0	0	0	1	1	0	1	0	1	0	1	1	1	0
OTU216	0	0	3	0	1	0	3	0	1	0	0	0	0	0	0	0	0
OTU218	0	0	0	0	2	0	0	0	1	2	0	0	0	0	2	0	0
OTU221	1	0	0	0	0	0	0	0	0	0	0	0	0	0	0	1	2
OTU222	0	0	4	4	0	0	0	0	0	0	0	0	0	0	0	0	0
OTU223	0	0	0	0	0	0	0	0	1	0	0	3	0	0	0	0	1
OTU224	0	0	1	0	0	0	0	0	0	0	0	1	0	0	0	1	1
OTU225	7	0	0	0	0	0	0	0	0	0	0	0	0	1	0	0	0
OTU226	0	0	1	1	1	4	0	0	0	0	0	0	0	0	0	0	0
OTU227	0	0	0	0	0	0	0	2	1	0	0	2	0	0	0	1	0
OTU229	0	2	1	0	0	1	1	0	0	0	1	1	0	0	0	0	0
OTU230	0	0	0	1	3	0	0	0	0	0	0	3	0	0	0	0	0
OTU231	0	0	0	0	0	0	1	0	0	0	0	0	0	0	0	2	1
OTU233	0	2	1	0	0	0	1	0	0	0	0	0	0	3	0	0	0
OTU234	0	0	1	2	4	0	0	0	0	0	0	0	0	0	0	0	0
OTU235	3	3	1	0	0	0	0	0	0	0	0	0	0	0	0	0	0
OTU236	0	0	0	0	2	0	0	0	0	1	1	1	0	0	0	1	0
OTU237	0	0	0	0	0	0	0	0	0	0	0	2	0	0	0	0	3
OTU238	0	0	0	0	1	0	0	0	1	1	1	1	0	0	0	2	0
OTU239	0	2	0	0	0	0	0	0	0	1	0	1	0	0	0	1	1
OTU240	0	0	0	0	0	0	0	0	0	0	0	1	0	0	0	0	1
OTU241	1	0	0	0	0	0	0	0	0	0	3	0	0	0	0	0	1
OTU243	0	0	0	0	0	0	0	1	0	1	0	2	0	0	3	0	0
OTU244	0	0	0	1	1	0	0	0	0	0	0	3	0	0	0	0	0
OTU245	0	0	0	3	0	1	1	0	1	0	1	0	0	0	0	0	0
OTU246	0	0	0	0	0	0	0	0	0	0	0	1	0	0	0	0	2
OTU247	0	0	0	0	0	0	1	0	3	0	0	1	0	0	0	0	1
OTU249	6	1	0	0	0	0	0	0	0	0	0	0	0	0	0	0	0
OTU250	0	0	0	0	0	0	0	0	0	0	0	1	0	0	0	1	0
OTU251	0	1	0	0	1	0	0	0	0	0	0	1	0	1	1	0	0
OTU252	0	0	0	0	0	1	0	1	0	1	0	0	0	0	2	1	0
OTU254	0	1	0	0	2	1	1	0	0	1	0	0	0	0	0	0	0
OTU255	0	1	0	0	0	1	1	0	0	0	0	0	0	2	0	0	0
OTU256	0	0	0	0	1	1	0	2	0	1	1	0	0	0	0	0	0
OTU257	0	0	0	0	1	0	0	1	0	0	0	0	0	1	1	1	1
OTU259	1	0	0	0	1	0	0	0	0	0	0	0	3	0	0	0	0
OTU260	0	0	0	0	0	0	1	0	0	0	0	2	0	0	0	0	0
OTU261	0	4	0	0	1	0	1	0	0	0	0	0	0	0	0	0	0
OTU263	0	0	0	0	0	0	0	1	0	0	0	0	0	0	0	3	1
OTU264	0	0	0	0	0	0	0	1	0	0	0	2	0	0	0	0	0
OTU265	0	0	0	0	0	1	0	0	1	0	0	0	0	0	2	0	0
OTU266	0	0	0	0	0	0	1	0	1	0	0	2	0	0	0	1	0
OTU267	0	1	0	1	2	1	1	0	0	0	0	0	0	0	0	0	0
OTU269	0	0	0	0	0	0	0	0	0	0	0	0	0	0	1	1	2
OTU270	0	0	0	0	0	0	0	0	1	0	2	0	0	0	1	0	1
OTU271	0	0	3	0	0	0	0	1	0	0	1	0	0	0	0	0	0
OTU272	0	1	0	0	1	0	0	0	0	1	0	0	0	0	0	0	2
OTU273	0	0	1	0	0	0	0	0	0	0	0	1	0	0	0	1	1
OTU275	0	0	0	0	1	3	0	0	0	0	0	0	1	0	0	0	1
OTU276	0	0	0	0	1	0	1	1	1	0	1	0	0	0	0	0	1
OTU277	0	1	0	0	1	1	2	0	0	1	0	0	0	0	0	0	0
OTU278	0	1	1	0	0	0	0	0	0	0	0	2	0	2	0	0	0
OTU280	0	0	0	2	0	0	0	0	0	0	0	2	0	0	1	0	0
OTU281	0	0	0	1	0	0	1	0	0	0	0	0	0	0	0	1	1
OTU282	0	0	0	0	0	0	0	0	0	0	0	0	0	0	0	2	2
OTU284	0	0	0	0	1	0	0	0	0	1	0	0	0	0	0	1	2
OTU285	0	0	0	0	0	0	0	0	0	0	0	2	0	1	0	0	0
OTU287	0	3	0	0	0	0	0	0	0	0	0	1	0	0	0	0	0
OTU288	1	0	0	1	0	0	0	0	0	0	1	0	0	0	0	0	1
OTU289	0	0	0	0	0	0	0	0	0	0	1	1	0	0	0	1	0
OTU290	0	1	0	0	3	0	0	0	1	0	0	0	0	0	0	0	0
OTU291	0	0	0	0	0	0	0	0	1	0	0	0	0	0	0	0	2
OTU292	0	0	0	0	0	0	0	0	0	1	0	0	0	0	0	2	0
OTU293	0	0	0	0	0	0	0	1	1	0	0	0	0	1	1	0	1
OTU295	0	0	0	0	0	0	0	0	1	1	0	1	0	0	1	0	0
OTU296	0	0	0	0	0	0	0	1	1	0	1	0	0	0	0	2	0
OTU297	0	0	0	0	0	0	0	0	0	1	0	1	0	0	0	3	0
OTU298	0	0	0	1	0	1	0	0	1	0	0	0	1	1	0	0	0
OTU299	0	1	2	0	0	0	1	0	0	0	0	0	0	1	0	0	0
OTU300	0	0	0	0	0	0	0	0	1	0	0	0	0	0	0	0	1
OTU304	0	0	0	1	0	0	0	0	0	0	1	1	0	0	0	0	0
OTU305	0	0	0	0	0	0	0	0	0	1	0	1	0	0	0	0	0
OTU308	0	0	0	0	2	0	0	0	0	0	2	0	0	0	0	0	0
OTU309	0	0	0	0	0	0	0	0	0	0	0	0	0	0	2	3	0
OTU310	0	0	0	0	0	0	0	0	0	2	1	1	0	0	0	1	0
OTU311	0	0	0	0	0	1	0	0	0	1	0	0	0	0	0	1	2
OTU312	0	0	0	1	0	0	0	0	1	0	0	1	0	0	0	0	1
OTU313	0	0	0	0	0	0	0	0	0	0	1	0	0	0	0	1	2
OTU314	0	0	0	0	0	0	0	0	1	0	0	2	0	0	0	0	1
OTU315	0	0	0	0	0	1	0	0	0	0	0	0	0	3	0	0	0
OTU316	0	1	0	0	0	0	0	0	0	0	0	0	0	0	1	0	1
OTU317	0	0	0	0	0	0	0	0	0	0	1	0	1	0	0	0	0
OTU318	0	0	0	1	0	1	1	1	1	0	0	0	0	0	0	0	0
OTU319	0	2	0	0	0	0	0	0	1	0	0	1	0	0	0	0	0
OTU323	0	1	1	0	0	0	0	0	0	0	0	1	0	0	0	0	0
OTU324	0	0	0	0	0	2	0	0	1	0	1	0	0	0	0	0	0
OTU325	0	0	0	0	0	0	0	1	0	0	0	0	0	0	1	1	1
OTU326	0	0	0	0	0	1	0	1	0	0	1	1	0	0	0	0	0
OTU327	0	1	0	0	0	2	1	0	0	0	0	0	0	0	0	0	0
OTU329	0	0	0	1	1	0	0	0	0	0	0	1	0	0	0	0	0
OTU330	0	0	0	0	0	0	0	0	0	0	0	1	0	0	1	2	0
OTU331	0	0	0	0	0	0	0	1	0	0	0	1	0	0	1	1	0
OTU332	2	1	0	0	0	0	0	0	0	0	0	0	0	0	0	0	0
OTU333	0	0	0	0	0	0	0	2	0	0	0	0	0	0	1	0	1
OTU334	0	0	0	0	0	0	0	0	0	0	1	1	0	1	0	0	0
OTU335	3	1	0	0	0	0	0	0	0	0	0	0	0	0	0	0	0
OTU339	0	0	1	2	0	0	0	0	0	0	0	0	0	0	0	0	0
OTU341	0	0	0	0	0	0	1	0	0	0	0	2	0	0	0	1	0
OTU342	0	0	0	0	0	0	0	0	0	0	0	1	0	0	1	0	1
OTU343	0	0	0	1	1	1	0	0	0	0	0	0	1	0	0	0	0
OTU344	0	2	0	0	0	0	0	0	0	0	0	1	0	0	0	0	0
OTU345	0	1	0	0	0	1	2	0	0	0	0	0	0	0	0	0	0
OTU346	0	0	0	1	0	1	2	0	0	0	0	0	0	0	0	0	0
OTU347	0	0	0	2	1	0	0	0	0	0	0	1	0	0	0	0	0
OTU348	0	0	0	0	0	0	0	0	1	0	0	0	0	0	0	2	1
OTU349	0	1	0	1	0	0	0	0	0	0	0	2	0	0	0	0	0
OTU351	0	0	0	0	0	0	0	0	0	0	0	2	0	0	0	0	1
OTU352	0	2	0	0	0	0	0	0	1	0	0	1	0	0	0	0	0
OTU353	0	0	2	1	1	0	0	0	0	0	0	0	0	0	0	0	0
OTU354	0	1	0	0	0	0	0	0	0	0	0	1	0	0	1	0	0
OTU355	0	0	0	1	0	0	2	0	0	1	0	0	0	0	0	0	0
OTU356	0	2	0	0	0	0	0	0	0	0	0	1	0	0	0	1	0
OTU357	0	1	0	0	0	0	0	0	0	0	0	3	0	0	0	0	0
OTU358	0	0	0	0	0	0	0	2	0	1	0	0	0	0	0	1	0
OTU359	0	0	0	0	1	1	0	0	1	0	0	0	0	0	1	0	0
OTU360	0	0	1	2	0	1	0	0	0	0	0	0	0	0	0	0	0
OTU361	0	0	0	0	0	1	0	0	1	0	0	0	0	0	1	0	1
OTU362	0	1	0	0	1	1	0	0	0	0	1	0	0	0	0	0	0
OTU363	0	0	0	0	0	1	0	0	0	0	1	0	0	0	2	0	0
OTU364	0	0	0	1	0	0	0	0	0	0	0	1	0	0	0	0	0
OTU365	0	0	0	0	1	0	0	0	0	1	0	0	0	0	1	0	0
OTU366	0	0	0	0	0	0	2	0	0	0	0	1	0	0	0	0	0
OTU368	0	0	0	0	0	1	0	0	0	0	0	1	0	0	0	0	0
OTU369	0	0	0	0	0	1	0	0	0	1	0	0	0	0	0	1	1
OTU370	0	2	0	0	0	0	0	0	0	0	0	0	0	0	0	1	0
OTU373	0	0	0	0	0	0	1	1	0	1	0	0	0	0	0	0	1
OTU375	0	1	1	0	0	0	0	0	0	0	0	0	0	0	1	0	0
OTU377	0	0	0	0	0	0	0	0	0	0	0	2	0	0	0	1	0
OTU378	0	0	0	0	0	1	0	1	0	0	0	0	0	0	0	1	1
OTU381	0	0	0	0	1	1	0	0	1	0	1	0	0	0	0	0	0
OTU382	0	0	0	1	0	0	0	0	0	0	0	0	2	0	0	0	0
OTU383	2	0	0	0	0	0	0	0	0	0	0	1	0	0	0	0	0
OTU384	0	0	1	0	0	0	1	0	0	0	0	0	1	0	0	0	0
OTU385	0	0	0	0	0	0	0	1	1	0	0	1	0	0	0	0	0
OTU389	0	1	0	0	0	0	0	0	1	0	0	0	0	0	0	0	1
OTU390	0	0	1	2	0	0	0	0	0	0	0	0	0	0	0	0	0
OTU393	0	0	0	0	0	0	1	0	1	0	0	0	0	0	0	0	0
OTU394	0	1	0	0	0	0	0	1	0	0	0	0	0	0	0	1	0
OTU395	0	0	0	0	1	1	0	0	0	0	1	0	0	0	0	0	0
OTU396	1	0	0	0	0	0	0	0	0	0	0	2	0	0	0	0	0
OTU397	0	0	0	0	1	0	0	0	0	1	0	0	0	1	0	0	0
OTU398	0	0	0	0	0	0	0	0	0	0	0	1	0	0	0	0	1
OTU399	0	0	0	0	0	0	0	0	1	0	0	1	0	0	0	0	0
OTU400	0	0	0	0	0	0	1	0	0	1	0	0	0	0	0	1	0
OTU401	1	0	0	0	0	0	0	0	0	0	0	0	0	0	0	0	2
OTU404	0	0	0	0	0	0	1	0	0	0	0	1	0	0	0	0	0
OTU405	0	0	0	0	0	0	1	0	0	0	1	0	0	0	0	1	0
OTU411	0	0	0	0	0	0	0	0	2	0	0	1	0	0	0	0	0
OTU413	0	0	0	0	0	0	0	0	0	0	0	1	0	0	0	0	1
OTU414	2	0	0	0	0	0	0	0	0	0	0	1	0	0	0	0	0
OTU416	0	0	0	0	0	0	0	0	1	0	0	0	0	0	0	1	1
OTU418	0	0	0	0	1	1	0	0	0	0	0	1	0	0	0	0	0
OTU419	0	0	0	0	0	0	0	0	0	0	0	1	0	0	0	0	1
OTU420	0	0	0	0	1	0	0	0	1	0	0	0	0	0	0	0	0
OTU421	0	0	0	0	1	0	1	0	0	0	0	0	0	1	0	0	0
OTU422	0	0	0	0	0	0	0	0	0	0	0	1	0	1	0	0	0
OTU423	0	1	0	2	0	0	0	0	0	0	0	0	0	0	0	0	0
OTU424	0	0	0	0	0	0	1	0	0	1	0	0	0	0	0	0	1
OTU427	0	1	1	0	1	0	0	0	0	0	0	0	0	0	0	0	0
OTU429	1	2	0	0	0	0	0	0	0	0	0	0	0	0	0	0	0
OTU430	0	0	0	0	0	0	0	0	0	0	0	0	1	1	1	0	0
OTU432	0	0	0	0	0	2	0	0	0	0	0	1	0	0	0	0	0
OTU433	0	1	0	1	0	0	0	0	1	0	0	0	0	0	0	0	0
OTU435	0	0	0	1	0	0	0	0	0	0	0	1	0	0	1	0	0
OTU437	0	1	0	0	1	0	1	0	0	0	0	0	0	0	0	0	0
OTU438	2	1	0	0	0	0	0	0	0	0	0	0	0	0	0	0	0
OTU439	0	0	0	0	0	0	1	0	0	0	1	0	0	0	0	1	0
OTU441	0	0	0	0	0	0	0	0	0	0	0	1	0	0	0	0	1
OTU442	0	0	0	2	0	0	1	0	0	0	0	0	0	0	0	0	0
OTU444	0	0	0	0	1	1	1	0	0	0	0	0	0	0	0	0	0
OTU445	1	0	1	0	0	0	0	0	0	0	0	0	0	0	0	0	0
OTU447	0	0	0	0	0	0	0	0	0	0	0	0	0	0	0	1	1
OTU448	0	0	0	0	0	0	0	0	0	0	0	1	0	0	0	0	1
OTU449	0	0	0	0	1	0	0	0	0	0	1	0	0	0	0	0	1
OTU450	0	0	0	1	0	0	0	0	0	0	0	0	0	0	0	1	0
OTU451	0	0	0	0	0	1	0	0	0	0	0	2	0	0	0	0	0
OTU452	0	0	0	0	0	0	1	0	0	0	1	0	0	0	1	0	0
OTU453	0	0	0	0	1	0	1	0	0	0	1	0	0	0	0	0	0
OTU454	0	0	0	0	0	0	0	0	1	0	2	0	0	0	0	0	0
OTU457	0	0	0	0	1	1	0	0	0	0	0	0	0	0	0	1	0
OTU459	0	0	0	0	1	0	0	1	0	0	0	0	0	0	0	0	0
OTU466	0	0	0	0	0	0	1	1	0	0	0	0	0	0	0	0	0
OTU468	1	0	0	0	0	0	0	0	0	0	0	0	0	0	1	0	0
OTU470	0	0	0	0	1	0	0	0	0	0	0	0	0	1	0	0	0
OTU471	0	0	0	0	0	1	0	0	0	0	0	0	0	1	0	0	0
OTU472	0	0	0	0	0	1	0	1	0	0	0	0	0	0	0	0	0
OTU478	0	0	0	0	1	0	0	0	0	0	0	0	0	0	1	0	0
OTU480	0	0	0	0	0	0	1	0	0	0	0	0	0	0	1	0	0
OTU483	0	0	0	0	0	0	0	1	0	0	0	1	0	0	0	0	0
OTU484	0	0	0	0	0	0	1	0	0	0	0	1	0	0	0	0	0
OTU486	0	1	0	0	0	0	0	0	0	0	0	0	0	1	0	0	0
OTU488	0	1	0	0	0	0	0	0	0	0	0	0	0	1	0	0	0
OTU489	0	0	1	0	0	0	0	0	0	1	0	0	0	0	0	0	0
OTU490	0	0	0	1	0	0	0	0	0	0	0	1	0	0	0	0	0
OTU491	0	1	1	0	0	0	0	0	0	0	0	0	0	0	0	0	0
OTU492	0	0	0	0	0	0	0	0	0	1	0	1	0	0	0	0	0
OTU494	0	1	0	0	0	1	0	0	0	0	0	0	0	0	0	0	0
OTU495	0	0	0	0	0	0	0	0	0	0	0	1	0	0	0	0	1
OTU496	0	0	0	0	1	0	0	0	0	0	0	0	0	0	0	1	0
OTU498	0	0	0	0	1	0	0	0	0	0	0	0	0	1	0	0	0
OTU499	0	0	0	0	1	0	0	0	0	0	0	0	0	0	0	0	1
OTU500	0	0	0	0	0	0	0	0	1	0	0	0	0	1	0	0	0
OTU502	0	0	0	0	0	0	0	1	0	0	0	0	0	0	0	0	1
OTU505	0	0	0	0	0	1	0	1	0	0	0	0	0	0	0	0	0
OTU508	0	0	1	0	0	0	0	0	0	0	0	1	0	0	0	0	0
OTU511	0	0	0	0	1	0	0	0	0	0	0	1	0	0	0	0	0
OTU514	0	0	0	1	1	0	0	0	0	0	0	0	0	0	0	0	0
OTU515	0	0	0	0	0	0	0	0	0	1	0	0	0	0	0	1	0
OTU517	0	0	0	1	0	0	0	0	0	0	0	0	0	0	0	0	1
OTU518	1	0	0	0	0	0	1	0	0	0	0	0	0	0	0	0	0
OTU519	0	0	0	0	0	0	0	0	0	0	0	0	1	1	0	0	0
OTU522	0	0	0	0	0	0	0	0	1	0	0	0	0	1	0	0	0
OTU526	0	0	0	0	0	0	0	1	0	0	0	1	0	0	0	0	0
OTU529	0	0	0	0	0	0	0	0	0	1	1	0	0	0	0	0	0
OTU530	0	0	0	0	0	0	0	1	1	0	0	0	0	0	0	0	0
OTU533	0	0	0	0	0	0	1	0	0	0	0	0	0	0	1	0	0
OTU534	0	0	0	0	1	0	0	0	1	0	0	0	0	0	0	0	0
OTU536	0	0	0	0	0	0	0	1	0	0	0	1	0	0	0	0	0
OTU537	0	1	0	0	0	0	0	0	0	0	1	0	0	0	0	0	0
OTU538	0	0	0	0	0	0	0	1	0	0	0	1	0	0	0	0	0
OTU540	0	0	0	0	0	0	0	0	0	0	0	1	0	0	0	1	0
OTU544	0	0	0	0	0	0	0	0	0	0	0	0	0	0	1	1	0
OTU546	0	0	0	0	0	0	0	0	1	0	0	0	0	0	0	0	1
OTU549	0	0	0	0	0	0	0	1	0	0	0	0	0	0	1	0	0
OTU553	0	0	0	1	1	0	0	0	0	0	0	0	0	0	0	0	0
OTU557	0	0	0	0	0	0	1	1	0	0	0	0	0	0	0	0	0
OTU558	0	1	0	0	1	0	0	0	0	0	0	0	0	0	0	0	0
OTU563	0	0	0	0	1	0	1	0	0	0	0	0	0	0	0	0	0
OTU567	0	0	0	0	0	1	0	0	0	0	0	0	0	0	0	0	1
OTU568	0	0	0	0	0	0	1	1	0	0	0	0	0	0	0	0	0
OTU573	0	0	1	0	0	0	0	0	0	0	0	0	0	0	0	1	0
OTU574	0	0	0	0	1	0	0	0	0	0	0	1	0	0	0	0	0
OTU579	0	0	0	0	1	1	0	0	0	0	0	0	0	0	0	0	0
OTU581	0	0	0	0	0	0	1	1	0	0	0	0	0	0	0	0	0
OTU584	0	1	0	0	0	0	0	0	0	0	1	0	0	0	0	0	0
OTU585	0	1	0	0	0	0	0	0	0	0	0	0	0	1	0	0	0
OTU590	0	0	0	0	0	0	0	0	0	0	0	0	0	1	1	0	0
OTU596	1	0	0	0	0	0	0	0	0	0	0	0	0	1	0	0	0
OTU597	0	0	1	0	0	0	0	0	0	0	0	0	0	1	0	0	0
OTU598	0	1	0	0	0	0	0	0	0	0	0	0	0	1	0	0	0
C1	-0.219906783801602	-0.181991821077188	-0.367233496102183	-0.194991236868416	-1.09736734970947	-0.155992989494732	-0.166825835987422	-0.111578318874704	-0.154909704845464	-0.122411165367394	-0.187408244323533	-0.165742551338154	-0.160326128091808	3.77741357200093	-0.157617916468636	-0.15328477787156	-0.17982525177865
C2	-0.732920571571474	0.710676083550758	-1.04655019830801	0.772201512719169	-1.23262710603686	0.820221359875002	0.97328462268422	-0.949009883772723	-1.1365874117252	-0.449303349307335	0.409051418603181	0.82922508121672	0.949274699106303	-1.98293721784675	0.925264775528386	1.08883237990294	0.0519038053816728
C3	-1.25248752829545	-0.56645831522432	-0.971871262311575	-0.782913575669168	-1.01629041999244	-0.743077346955377	-0.282316719265774	-0.0961792966031044	-0.0891286366537607	-0.103229956552448	-0.0820779767044172	-0.0750273167550735	-0.0538753369070429	1.34920599301233	0.759770821247205	1.54274660862181	2.46321026500861
C4	-1.86371275756515	-0.824090864409738	-1.37449185971113	-1.5179419469663	0.716645699480965	0.970020240148135	0.304624853323735	1.36496532471122	0.37141216917389	0.0991521793678623	0.150867986021183	-0.336083301106424	-0.888152865830516	0.943670533133807	0.573259842068703	1.39462966668438	-0.0847748985246252
C5	-2.55444933280155	-0.057813093829254	0.951383687591707	1.19631092554841	1.15434196974085	0.782132873951711	0.285233736845626	0.433193557087473	-0.119531806933312	-0.739919167542249	-0.690544197059002	-0.411804432551767	0.242826077128989	0.772806952431797	0.501746815301445	-0.0724427147131788	-1.6734718501977
C6	-1.04234457592472	-1.06050562215037	-1.7486183588977	-1.87521154837957	0.390191875264868	0.585529632522308	0.0143567191486466	1.3525724896336	0.239406355083308	0.336722471493457	0.38194371517847	-0.0547126138440202	-0.873398009517506	0.820318329734899	0.182391313664368	1.58615512471313	0.765202702276823
C7	0.224110932996153	-0.531809474763141	2.73246338666111	0.523646042156796	2.31510007125539	-0.556152061999628	-0.421546268922388	-0.560620394697119	-0.551977515725606	-0.548900698452789	-0.556664203197297	-0.19144996300072	-0.428773811948405	-0.338752093675985	-0.530076531873354	-0.10773075752907	-0.470866657283944
C8	1.27236774686327	1.27236774686327	-2.56851806843427	1.27236774686327	1.27236774686327	1.27236774686327	-0.344847333262008	-0.344847333262008	-0.344847333262008	-0.344847333262008	-0.344847333262008	-0.344847333262008	-0.344847333262008	-0.344847333262008	-0.344847333262008	-0.344847333262008	-0.344847333262008
C9	2.72647633164364	-0.733003659158954	-1.15904799300164	-1.21898802341813	-0.476789411496319	-0.309309914744368	-0.36983759251788	0.109095003456999	-0.112448050141197	0.307132162774219	0.295966862990755	-0.11421099221227	-0.723601301446564	-0.222338105904758	-0.372775829303002	0.482838722524512	1.89084178995495
C10	-1.52820782302364	0.398285286487622	1.95916656499675	2.45836733424966	0.278758341736923	-0.0587295022650494	-0.0516985055150083	-0.389186349516981	-0.339969372266693	-0.63527123576842	-0.621209242268337	-0.206380434015913	0.714680140239472	-0.0516985055150083	-0.0446675087649672	-0.663395222768584	-1.21884396602183
C11	0.717493132625421	-0.987916076228923	-2.0408208921303	-2.2484359262517	-0.00174466415228022	0.0427442717308766	-0.179700407684908	0.710078309978229	0.116892498202805	0.576611502328758	0.591441147623144	0.435729872032095	-0.50595260416139	0.398655758796131	-0.172285585037715	0.97701192527717	1.57019773705259
C12	0.556000003727862	-0.504664776110943	3.24122729445901	0.770818186986354	1.3347159180399	-0.531517049018254	-0.437534093842664	-0.54494318547191	-0.531517049018254	-0.531517049018254	-0.531517049018254	-0.222715910584172	-0.410681820935353	-0.397255684481697	-0.518090912564599	-0.276420456398795	-0.464386366749976
